2 1 
4 3

slot 1.  
x : -0.03577 ~ -0.44569
y : -1.05474 ~ -1.45619
z : 1.24297 ~   1.3887 ~ 1.885
    
    
slot 2.  
x :  0.03577 ~  0.44569
y : -1.05474 ~ -1.45619
z :  1.24297 ~  1.3887 ~  1.885
    
slot 3
x : -0.03577 ~ -0.44569
y : -1.05474 ~ -1.45619
z :  0.54241 ~  0.65046 ~ 1.175

slot 4.  
x :  0.03577 ~  0.44569
y : -1.05474 ~ -1.45619
z :  0.54241 ~  0.65046 ~ 1.175
